custom_neutral_positions:
  Spine: [-1.284909, -0.475674, 0.665527]
  Neck: [-0.072150, 0.046169, -0.545787]
  Neck1: [0.220612, -0.001208, 0.465747]
  RightShoulder: [-4610.521012, -0.031705, 0.544854]
  RightArm: [0.159959, 0.510327, 0.051175]
  RightForeArm: [0.256763, -0.698193, -0.258120]
  RightHand: [-0.179160, 1.077722, -0.211589]
  RightHandMiddle1: [-0.138192, -0.182985, -1.011418]
  RightHandMiddle2: [1.103453, -1.006779, -0.504547]
  RightHandMiddle3: [2.522967, -0.125684, -0.662088]
  RightHandRing: [-1.490024, -0.151568, 0.813262]
  RightHandRing1: [-0.083641, -1.354220, -0.985984]
  RightHandRing2: [0.624620, 0.726404, -0.635917]
  RightHandRing3: [1.011683, 0.984252, -0.990164]
  RightHandPinky: [-0.294267, 0.940005, 0.616626]
  RightHandPinky1: [0.314081, -2.038361, -0.930833]
  RightHandPinky2: [1.362210, 0.903327, -1.260324]
  RightHandPinky3: [1.623486, 1.169718, -1.593650]
  RightHandIndex: [-1.103963, 0.896277, 0.811099]
  RightHandIndex1: [-0.668050, -1.144968, -0.811959]
  RightHandIndex2: [0.102548, -0.388110, 0.016720]
  RightHandIndex3: [-0.554718, -0.862356, -0.545057]
  RightHandThumb1: [0.539024, 0.089611, 0.917542]
  RightHandThumb2: [0.530305, 0.784978, 0.498246]
  RightHandThumb3: [-0.552776, 0.408176, -0.444609]
  LeftShoulder: [4821.503228, -1.790646, -0.404074]
  LeftArm: [0.070093, 0.509580, -0.098492]
  LeftForeArm: [0.329291, 0.987473, 0.333605]
  LeftHand: [-0.567125, 0.244728, 0.553624]
  LeftHandMiddle1: [-0.032870, 0.552039, 0.923205]
  LeftHandMiddle2: [-0.099640, 0.198256, 1.093328]
  LeftHandMiddle3: [0.970833, 0.110665, 0.784581]
  LeftHandRing: [-0.552012, 1.221806, -0.365195]
  LeftHandRing1: [0.018367, 0.486301, 0.916450]
  LeftHandRing2: [0.760788, -0.713069, 0.737389]
  LeftHandRing3: [0.845852, -0.821992, 0.823738]
  LeftHandPinky: [0.142105, 1.277341, -0.585915]
  LeftHandPinky1: [0.640977, -0.260692, 0.698723]
  LeftHandPinky2: [0.377890, -0.577815, 0.400845]
  LeftHandPinky3: [0.883109, -0.826425, 0.883689]
  LeftHandIndex: [-0.245866, 0.331061, -0.513602]
  LeftHandIndex1: [-0.814960, 0.541909, 0.880748]
  LeftHandIndex2: [-1.026631, 0.705134, 0.973517]
  LeftHandIndex3: [-1.157809, 0.941750, 1.126228]
  LeftHandThumb1: [-0.202201, 0.011671, -0.171732]
  LeftHandThumb2: [0.290814, 0.300998, -0.296840]
  LeftHandThumb3: [0.038999, 0.125875, -0.118983]
