custom_neutral_positions:
  Spine: [-1.122467, -1.398010, -1.416479]
  Neck: [-0.416628, 0.211227, -0.463017]
  Neck1: [0.126844, 0.072038, 0.556748]
  RightShoulder: [-12099.404530, 0.128480, 0.266340]
  RightArm: [0.109749, 0.012022, 0.107355]
  RightForeArm: [0.278022, -0.061931, -0.277468]
  RightHand: [-0.323936, 0.411242, -0.166446]
  RightHandMiddle1: [-1.019247, 1.505483, 0.648878]
  RightHandMiddle2: [0.430313, -0.287165, -0.821175]
  RightHandMiddle3: [-1.415715, -0.204617, -0.222138]
  RightHandRing: [-1.245549, -1.008197, 1.656458]
  RightHandRing1: [-0.599283, 0.889767, 1.018457]
  RightHandRing2: [-0.128822, 0.258617, 0.022779]
  RightHandRing3: [-0.319169, 0.005345, 0.325268]
  RightHandPinky: [0.198142, -0.377570, -1.077168]
  RightHandPinky1: [-0.577014, 0.407234, 0.981920]
  RightHandPinky2: [-0.419182, -0.061007, 0.378119]
  RightHandPinky3: [-0.040810, 0.236156, -0.006253]
  RightHandIndex: [-2.021751, 1.433409, -0.367847]
  RightHandIndex1: [-0.943473, -0.765354, -1.048956]
  RightHandIndex2: [-2.003359, -0.444845, -1.848098]
  RightHandIndex3: [-1.591190, -1.063459, -1.537364]
  RightHandThumb1: [0.135050, -0.313887, 0.058267]
  RightHandThumb2: [-0.269233, -1.554588, -0.232216]
  RightHandThumb3: [-0.604420, 0.457724, -0.494594]
  LeftShoulder: [17380.924679, -1.836775, 0.373368]
  LeftArm: [0.081949, 0.133140, -0.111757]
  LeftForeArm: [0.334636, 0.885734, 0.337248]
  LeftHand: [-1.297772, -0.746663, -0.766980]
  LeftHandMiddle1: [-0.409906, -1.373080, -0.563381]
  LeftHandMiddle2: [-0.227810, -0.601859, 0.445746]
  LeftHandMiddle3: [-0.696513, -0.650185, -0.387686]
  LeftHandRing: [-0.697548, -0.435620, -0.689001]
  LeftHandRing1: [-0.055374, -0.576596, -0.295986]
  LeftHandRing2: [0.222866, -0.478822, 0.264567]
  LeftHandRing3: [0.036437, -0.314963, 0.023121]
  LeftHandPinky: [-0.487314, 0.355442, 1.076150]
  LeftHandPinky1: [0.144971, -0.260683, -0.034065]
  LeftHandPinky2: [0.147231, -0.419123, 0.157937]
  LeftHandPinky3: [0.222686, -0.414611, 0.260753]
  LeftHandIndex: [-0.883285, 0.516229, 1.138137]
  LeftHandIndex1: [0.432448, -1.411217, -0.840242]
  LeftHandIndex2: [-0.048753, 0.372908, 0.094981]
  LeftHandIndex3: [0.120718, 0.234930, -0.112550]
  LeftHandThumb1: [1.099290, 1.546154, -0.042875]
  LeftHandThumb2: [0.841231, 1.460262, -0.859901]
  LeftHandThumb3: [0.408128, 0.416246, 1.366358]
